2 0.0703125 0.91484375 0.140625 0.1703125
2 0.38515625 0.84453125 0.13359375 0.19921875
2 0.2125 0.8140625 0.05625 0.20390625
2 0.52421875 0.765625 0.115625 0.178125
2 0.359375 0.65078125 0.165625 0.146875
2 0.07890625 0.70078125 0.1578125 0.10703125
2 0.4640625 0.49375 0.1140625 0.12109375
2 0.09140625 0.56953125 0.16875 0.12421875
2 0.2515625 0.478125 0.13984375 0.0828125
2 0.778125 0.91484375 0.365625 0.1703125
2 0.7828125 0.78203125 0.26640625 0.08671875
2 0.80703125 0.696875 0.27265625 0.0640625
2 0.85 0.62421875 0.3 0.06640625
2 0.65078125 0.5328125 0.09375 0.14609375
2 0.78046875 0.45 0.10078125 0.11484375
2 0.5515625 0.39609375 0.0765625 0.0796875
2 0.43125 0.34453125 0.15546875 0.08828125
2 0.5703125 0.27734375 0.12578125 0.0796875
2 0.753125 0.33125 0.09296875 0.0671875
2 0.87265625 0.32109375 0.10234375 0.10703125
2 0.6703125 0.1984375 0.1828125 0.06328125