2 0.084375 0.81640625 0.1671875 0.26484375
2 0.49375 0.89921875 0.20625 0.2015625
2 0.43203125 0.69375 0.18671875 0.17109375
2 0.49765625 0.52109375 0.25859375 0.1421875
1 0.8828125 0.57890625 0.18515625 0.384375
1 0.63125 0.3578125 0.13359375 0.15390625
2 0.7453125 0.403125 0.06875 0.17265625
1 0.440625 0.3546875 0.12890625 0.1796875
1 0.4234375 0.21015625 0.10234375 0.071875
1 0.5375 0.315625 0.03515625 0.1734375
1 0.5015625 0.1015625 0.05625 0.0859375
1 0.56953125 0.11171875 0.0515625 0.08203125