2 0.0703125 0.71484375 0.13671875 0.275
2 0.25703125 0.73203125 0.10703125 0.20390625
1 0.53671875 0.6953125 0.15 0.3265625
1 0.65625 0.5671875 0.06640625 0.321875
1 0.43203125 0.521875 0.0375 0.3421875
1 0.51484375 0.20078125 0.115625 0.15390625
1 0.53359375 0.384375 0.06875 0.16640625
1 0.26171875 0.49609375 0.1328125 0.20078125
1 0.2625 0.28828125 0.1171875 0.1703125
1 0.1015625 0.425 0.1375 0.240625
1 0.59140625 0.05 0.15703125 0.09921875
1 0.66015625 0.2796875 0.0890625 0.20078125
2 0.76953125 0.78671875 0.1375 0.196875