3 0.16328125 0.9 0.253125 0.19921875
3 0.45546875 0.8546875 0.19375 0.28203125
3 0.53046875 0.671875 0.08984375 0.06015625
3 0.83828125 0.86875 0.190625 0.2625
3 0.39140625 0.6375 0.08671875 0.12265625
3 0.5203125 0.5859375 0.09609375 0.0921875
3 0.40625 0.50078125 0.08984375 0.0953125
3 0.2671875 0.559375 0.1078125 0.134375
3 0.0671875 0.6375 0.096875 0.153125
1 0.825 0.60234375 0.34921875 0.2203125
1 0.5796875 0.45546875 0.0796875 0.1421875
2 0.4203125 0.3953125 0.03671875 0.08203125
2 0.34765625 0.44453125 0.034375 0.13203125